100
460 400 0
449 435 1
419 457 2
381 457 3
351 435 4
340 400 5
351 365 6
381 343 7
419 343 8
449 365 9
490 403 10
471 455 11
425 486 12
370 485 13
326 451 14
310 397 15
329 345 16
375 314 17
430 315 18
474 349 19
520 408 20
492 476 21
430 516 22
356 512 23
299 464 24
280 392 25
308 324 26
370 284 27
444 288 28
501 336 29
549 414 30
513 499 31
433 546 32
340 538 33
271 476 34
251 386 35
287 301 36
367 254 37
460 262 38
529 324 39
579 423 40
531 523 41
434 577 42
323 563 43
242 487 44
221 377 45
269 277 46
366 223 47
477 237 48
558 313 49
607 433 50
548 548 51
433 607 52
305 587 53
213 495 54
193 367 55
252 252 56
367 193 57
495 213 58
587 305 59
636 445 60
564 575 61
430 638 62
284 610 63
183 502 64
164 355 65
236 225 66
370 162 67
516 190 68
617 298 69
663 459 70
579 603 71
425 669 72
263 632 73
152 507 74
137 341 75
221 197 76
375 131 77
537 168 78
648 293 79
691 475 80
591 631 81
419 699 82
239 653 83
121 510 84
109 325 85
209 169 86
381 101 87
561 147 88
679 290 89
717 492 90
602 661 91
410 730 92
215 673 93
90 512 94
83 308 95
198 139 96
390 70 97
585 127 98
710 288 99
