100
460 400 
449 435 
419 457 
381 457 
351 435 
340 400 
351 365 
381 343 
419 343 
449 365 
490 403 
471 455 
425 486 
370 485 
326 451 
310 397 
329 345 
375 314 
430 315 
474 349 
520 408 
492 476 
430 516 
356 512 
299 464 
280 392 
308 324 
370 284 
444 288 
501 336 
549 414 
513 499 
433 546 
340 538 
271 476 
251 386 
287 301 
367 254 
460 262 
529 324 
579 423 
531 523 
434 577 
323 563 
242 487 
221 377 
269 277 
366 223 
477 237 
558 313 
607 433 
548 548 
433 607 
305 587 
213 495 
193 367 
252 252 
367 193 
495 213 
587 305 
636 445 
564 575 
430 638 
284 610 
183 502 
164 355 
236 225 
370 162 
516 190 
617 298 
663 459 
579 603 
425 669 
263 632 
152 507 
137 341 
221 197 
375 131 
537 168 
648 293 
691 475 
591 631 
419 699 
239 653 
121 510 
109 325 
209 169 
381 101 
561 147 
679 290 
717 492 
602 661 
410 730 
215 673 
90 512 
83 308 
198 139 
390 70 
585 127 
710 288 
